0.000000	0.000000	1
1.000000	1.000000	2
2.000000	2.000000	3
3.000000	3.000000	4
4.000000	4.000000	5
5.000000	5.000000	6
6.000000	6.000000	7
7.000000	7.000000	8
8.000000	8.000000	9
9.000000	9.000000	10
10.000000	10.000000	11
11.000000	11.000000	12
12.000000	12.000000	13
13.000000	13.000000	14
14.000000	14.000000	15
15.000000	15.000000	16
16.000000	16.000000	17
17.000000	17.000000	18
18.000000	18.000000	19
19.000000	19.000000	20
20.000000	20.000000	21
21.000000	21.000000	22
22.000000	22.000000	23
23.000000	23.000000	24
24.000000	24.000000	25
25.000000	25.000000	26
26.000000	26.000000	27
27.000000	27.000000	28
28.000000	28.000000	29
29.000000	29.000000	30
30.000000	30.000000	31
31.000000	31.000000	32
32.000000	32.000000	33
33.000000	33.000000	34
34.000000	34.000000	35